211800
210301
211902
210903
211604
210605
221900
221301
220902
220603
221004
220805
230700
230701
231702
230703
231804
231605
240600
240801
241702
242003
241204
241505
311100
311401
311102
311703
311704
312005
322100
322001
321602
321303
322104
322105
330400
332101
331002
331703
330104
330405
340300
341701
340402
342103
340104
342005
410200
411701
410202
411203
410604
410705
422000
422101
420102
421703
421204
421805
430300
431701
430402
431503
432004
430405
440600
441801
442102
442003
442004
441305
510200
511201
511502
511203
510104
512005
522000
520401
521802
521103
521404
520905
532100
530201
531702
531403
530604
530405
540400
541701
541902
541203
540404
541605
610500
610401
611902
610103
611504
611205
620500
620901
620902
621103
621304
621305
631800
631301
631202
631203
630204
631505
641900
641701
641102
642103
642004
641505